#' @importFrom magrittr %>%

.Random.seed <-
c(403L, 388L, 29065402L, -997016037L, -2111928010L, -58753687L, 
1911086536L, -1156274963L, 371810605L, -1399597893L, 1096890613L, 
82064040L, 271387910L, -509716428L, 1955680708L, -221585810L, 
-211051210L, 470902217L, 47767461L, 1399844377L, -6888132L, -335305349L, 
1246669911L, 2097132953L, -1613437479L, -720803051L, 2044643111L, 
-348783513L, 1857276093L, -211353288L, -1273048591L, -919668311L, 
2058695092L, -590818530L, 1920690530L, 2004880019L, -1890210462L, 
765560403L, -813031414L, -1347448383L, -1129522367L, 1609905137L, 
2035521115L, 1963965966L, 1661788431L, -375712787L, -1557309759L, 
-1637338323L, -462646299L, -919935765L, -2110129585L, -316871532L, 
1622571240L, -1505082654L, 1072466648L, -1502504953L, 1464770202L, 
-1605219253L, 965098497L, 1773852794L, 1266631816L, 1254730936L, 
106254041L, -1864813626L, 49498440L, -847558456L, 1454443619L, 
2077085205L, -1099189383L, 1438836339L, 550224719L, 1527852811L, 
1815165988L, -1323113268L, -1619290547L, 1647862533L, 848930214L, 
1437366080L, -862930751L, -475849488L, -1130943707L, -1180790541L, 
-907115347L, -217205561L, 759037094L, -2131197435L, -402758685L, 
-1420975154L, 244249405L, 1396230423L, 1462058779L, 1089396222L, 
-1251054450L, 503616L, 1286497374L, 1502615221L, 1360556303L, 
1935707315L, 1376524785L, -166941447L, -1746180306L, 2019630899L, 
-30948380L, 1601057111L, -1030491906L, 1125645489L, 2041889364L, 
378246606L, 1573189761L, -1636925417L, -1934743494L, -1796343558L, 
-653925950L, -714772642L, -1980057302L, -1057745906L, 1832136317L, 
-342225031L, 404248175L, -1674325244L, -1792027443L, -1618127047L, 
-1811800692L, 635722887L, -1428690742L, -1494277977L, 1785281079L, 
831546867L, -763909494L, -403302784L, -1180104148L, 1345582821L, 
845863535L, -526652473L, -755276900L, -542655457L, 1789762247L, 
1907072688L, -1805145278L, 66290275L, 751613929L, 1041214137L, 
-769917577L, 1242355892L, -1987998412L, 500293821L, 1635958134L, 
-2092409938L, -1184426207L, -2088911906L, -1174480122L, 244720393L, 
-381110059L, 923325417L, -1043459139L, 229723821L, 1908430907L, 
1313688850L, 1692278804L, 640807034L, 448908649L, -238010510L, 
-957509040L, 1192306081L, -514701904L, 435303904L, 696166264L, 
1646559098L, -1756535608L, -876470676L, -124294808L, 1683569543L, 
-124797296L, 521169346L, -1979765632L, -1050934195L, 268747785L, 
-1712184658L, -820220022L, -1903334973L, 269627772L, 1285056462L, 
-894137598L, 70158586L, -1342596445L, -732858028L, 1689048994L, 
219356586L, -208691883L, 1945961904L, 1380641946L, -1387143389L, 
1791132280L, 278424744L, 571963151L, -1655369790L, -1716565046L, 
-125393002L, 1724384099L, 60593671L, -1814981107L, -1366235875L, 
618433046L, -1572583183L, -1924890803L, -909448276L, -2041410596L, 
-1182186109L, 1819226172L, -923573519L, -1323557156L, 1680707973L, 
1765610932L, 677398459L, 2044108959L, 1148246217L, -2016724631L, 
1958540038L, 1485033384L, 1858834115L, -898079337L, 816996291L, 
1768602960L, 1351541736L, 1005881523L, 327166237L, 1653228129L, 
2056670934L, 717321073L, 289919638L, -1524485211L, -952860905L, 
-106526647L, -413304403L, -1713316775L, 1193654900L, 1041574278L, 
-235264973L, 1963646107L, -890092774L, -354307057L, 1866940066L, 
126376226L, 568690018L, -494300523L, 1784245024L, -2049412877L, 
-421370232L, 58575421L, 2039487377L, 1490092850L, -1140431635L, 
-1752596759L, -104286712L, 927398492L, 1109439041L, -1633413294L, 
-244440521L, 248056495L, -1260002608L, -1936387907L, -758170378L, 
197434561L, 475810666L, 1572465736L, -1434939507L, -41371506L, 
1257130841L, -503295945L, 1026540482L, 1153102057L, -1579178462L, 
-558774944L, 1340056296L, 1471483423L, 1462840931L, -534960093L, 
-174705363L, -937281709L, -181536996L, -1866085566L, 874379597L, 
-31846807L, 73937090L, 926408083L, -2127798184L, 1389147203L, 
812082370L, 30140052L, -1336821593L, 1054321997L, -1774500342L, 
-526564027L, 1344758708L, -1259283000L, -1696397674L, -261616184L, 
1625349757L, 48043298L, -1987482047L, -1735700236L, 849458033L, 
-1731483365L, -506610143L, 1323079425L, -94852942L, -410616727L, 
-1233026169L, 1747313303L, -1813099228L, -1729149877L, -1004745069L, 
-964211076L, 1993898523L, 1787413753L, 46615739L, 1129768806L, 
-725931969L, -822498056L, 390868474L, -719164925L, 933576219L, 
946870155L, -53671678L, -1969822098L, -56571795L, 1604113280L, 
-69147193L, -549313826L, 676876683L, 86833903L, 1992844173L, 
442734664L, -864794938L, -1032607687L, -844530149L, -1215796825L, 
1272653228L, -1650601639L, -480734191L, -756382388L, 1357276707L, 
410359961L, -1784724301L, -239685188L, 1594527269L, 1008630426L, 
-237652516L, -2115992139L, -372153271L, -238677126L, -325036752L, 
-2109367514L, -1693312550L, 1738121665L, 781996172L, 379882745L, 
886075860L, 938910861L, -400378980L, 1340944243L, -698929931L, 
2116586941L, 771853177L, -668158557L, 3338684L, -1589420723L, 
-1865181631L, 417422522L, -765795787L, -189025877L, 458159644L, 
1520110606L, -581349066L, 1433354872L, -680336912L, -1264606414L, 
-2035254336L, -2048658672L, 1895430366L, -1049240631L, 1318924707L, 
-785681789L, -620852378L, 819346700L, 1749935551L, 1145203098L, 
-2139119574L, 151822398L, 2078709471L, -320155767L, -761274858L, 
1002439820L, -2029193273L, 291450033L, 1302198021L, 1937881270L, 
1575126254L, 632862958L, -1571114545L, -1681013258L, 866219053L, 
1416188211L, 1716886938L, 1305392225L, -195502885L, -1264284363L, 
915673166L, -1326617293L, -139860060L, -900606992L, -118628290L, 
1197541542L, 349925933L, 1570287253L, 1143111614L, -1030597860L, 
453252587L, -522808908L, -1065345933L, -344844313L, 1490203127L, 
-1181136357L, -1033869078L, -1917918316L, -544117764L, -480288905L, 
402027941L, 1719044905L, -348130565L, -744845870L, 1858746633L, 
-1170104469L, 1306201327L, -485808900L, 986394626L, 1813377131L, 
389108513L, -1703278221L, -1976254903L, 805842648L, -1963761123L, 
-2125346064L, 1629312527L, -467660930L, 1938810003L, -735225587L, 
-1558534312L, -814692294L, -511333449L, 176581753L, -1271238610L, 
1887067459L, 1230770608L, 646503611L, -560255043L, 1980972842L, 
1607359704L, 1818897751L, 2056024999L, -1587917054L, 1977024462L, 
1838081476L, -438896244L, -824248983L, -85577480L, -1166623770L, 
1938680329L, -1647969301L, 1403213196L, -2061874157L, -2056908982L, 
-1619069440L, 253868361L, 1199311534L, 1143418808L, -799023780L, 
-89046829L, 1465000207L, 1264693908L, -321931937L, -513924797L, 
-550733140L, -1843465469L, -1223310986L, -1167199816L, -853761029L, 
-1702258352L, 282904254L, -1651995244L, 581021811L, -1037269093L, 
1467785598L, -1604311873L, 44957455L, -1117305411L, 849776493L, 
-491357263L, 425776409L, -854953205L, 1230868577L, -1091887100L, 
1018776497L, 1843058530L, -1678616639L, -1148222678L, 1768996496L, 
936951040L, -884292368L, -1884491341L, 1069602740L, 1684406655L, 
-1879884830L, 1323248723L, 242594993L, 1352649545L, -1338247988L, 
1095595468L, -2126079941L, 783752530L, 1542985060L, 522709712L, 
212275467L, 1515545604L, -387968357L, 473916401L, -1268325270L, 
-1117945118L, 1841176115L, 1557385786L, -561361011L, -1306777636L, 
-914233060L, 824764675L, -711064311L, 1301312735L, -1232123101L, 
1042727524L, 1872094124L, -1329555106L, 840497146L, -769751785L, 
1312939114L, -1657547511L, -1624767894L, -167555445L, -608104747L, 
1078764185L, -1050836150L, -1936798364L, -446923483L, 2034168080L, 
1127298224L, 1063765522L, 577712271L, 2096501922L, -580422712L, 
1550396233L, 381472456L, 1041104148L, 272084050L, 1821409885L, 
-2044662491L, 635702826L, 1839229501L, -1973051279L, -1565686495L, 
388523309L, 1931097786L, 9988539L, -317564163L, 1427314303L, 
-1483521852L, 466029763L, -479933146L, -1227140230L, -1080623751L, 
-1463132624L, 829608652L, 646042111L, -880131964L, 1051227192L, 
982464236L, 469374309L, 1653853228L, 1444569047L, -563545892L, 
897808036L, 440205947L, 851061808L, -202902810L, 1254542405L, 
-486107930L, -2139810458L, 308718106L, -1383433313L, -943561171L, 
1772483920L, 1341959061L, 1258814791L, 982869873L, -717170950L, 
